68.66666666666667
66.0
53.333333333333336
55.333333333333336
51.333333333333336
77.66666666666667
73.33333333333333
39.0
45.666666666666664
31.666666666666668
56.0
68.0
64.33333333333333
54.666666666666664
35.0
44.666666666666664
70.0
65.0
65.33333333333333
63.333333333333336
81.66666666666667
53.333333333333336
68.0
33.333333333333336
64.0
58.0
68.0
40.0
71.33333333333333
90.33333333333333
72.0
55.333333333333336
52.666666666666664
51.666666666666664
53.0
43.0
82.33333333333333
67.0
65.33333333333333
55.333333333333336
70.33333333333333
59.0
67.33333333333333
62.666666666666664
53.0
51.666666666666664
77.33333333333333
51.666666666666664
57.0
62.0
49.333333333333336
52.666666666666664
66.33333333333333
85.66666666666667
51.0
79.33333333333333
57.0
44.333333333333336
35.333333333333336
97.0
59.333333333333336
47.666666666666664
58.333333333333336
67.66666666666667
69.33333333333333
81.0
53.666666666666664
55.0
57.333333333333336
48.666666666666664
48.0
68.33333333333333
49.0
45.0
63.0
48.333333333333336
57.0
57.0
45.0
66.0
85.66666666666667
57.666666666666664
62.666666666666664
58.333333333333336
60.333333333333336
68.66666666666667
59.0
63.666666666666664
56.333333333333336
67.33333333333333
64.33333333333333
82.33333333333333
51.666666666666664
42.333333333333336
72.33333333333333
55.0
53.333333333333336
65.66666666666667
44.666666666666664
82.0
64.66666666666667
77.33333333333333
43.666666666666664
62.0
84.0
79.66666666666667
65.33333333333333
54.0
63.0
72.0
78.66666666666667
69.33333333333333
49.333333333333336
79.33333333333333
45.0
49.666666666666664
59.0
79.66666666666667
69.0
61.666666666666664
64.33333333333333
53.0
62.333333333333336
68.33333333333333
72.66666666666667
56.333333333333336
71.66666666666667
68.0
52.0
57.666666666666664
56.333333333333336
66.0
41.0
72.0
77.0
51.333333333333336
67.33333333333333
55.333333333333336
57.0
53.666666666666664
56.333333333333336
39.333333333333336
81.0
77.0
60.666666666666664
62.666666666666664
43.0
55.666666666666664
72.0
67.33333333333333
51.666666666666664
30.333333333333332
57.0
60.84313725490196 57.568627450980394 63.66013071895425
